59404
71175
79457
9911
72064
29878
64839
84839
41640
59583
28579
81917
96657
26814
7305
72912
58008
60966
67702
99020
94376
76155
44959
18815
54016
38496
43355
23896
93427
43169
31623
31869
74779
36664
68990
92361
13795
43028
50478
2256
68459
46868
43331
93828
60461
31020
68782
70690
62720
92381
87193
88731
73816
5440
92260
88942
51751
78666
88242
86039
91752
69790
47482
55099
80840
90108
87850
39758
69644
12346
25260
85497
39651
84896
43997
63494
23433
8421
78231
18928
54907
20448
9860
61285
31965
72342
90922
80598
4664
26475
36010
67171
13191
70298
49196
20214
94250
59131
89955
22670
40086
89870
90219
25398
52638
88089
77806
41640
56372
36125
27803
38757
56987
84033
15329
22355
45643
39031
16029
48920
27372
69564
97510
75110
76344
1264
93701
74211
70154
70124
85656
49218
35697
11968
442
5695
58774
6965
77250
3002
81758
71432
24469
16438
51974
93825
82413
97759
84597
66388
26947
26651
16013
78575
74471
56935
12691
91836
46671
57505
47696
49744
75870
78208
54624
3000
17930
25134
93377
71433
33463
7400
73702
68705
26154
23271
72801
38755
32822
59502
72501
96900
94038
47351
53094
60258
81704
25041
66351
58032
81118
75551
95942
81974
1213
57926
83488
94172
98819
57740
72615
22582
60994
49071
65711
35273
56112
10469
581
16428
10680
81994
97911
51771
96961
40714
54465
24233
59472
2769
99549
40289
82717
33374
23527
80495
98086
98211
4439
25491
75340
89058
65177
87056
94391
80813
59035
13765
71030
73052
42410
57660
73357
6175
76463
40666
16834
20219
21323
53749
82719
3174
51319
75048
16086
96531
74685
52749
21642
29567
26567
3710
52499
46763
44537
26455
29307
51938
72324
48252
95161
79985
99783
98685
85200
91445
13246
74832
67684
10791
32572
17855
24432
18375
73250
37625
90563
16573
94693
39727
38597
9406
18053
11806
64742
96946
50266
65342
50448
75400
79004
15452
36506
97271
29425
63721
46622
45016
22486
96292
76790
85313
55485
51805
54758
18228
35507
18527
8346
68952
50752
9035
54180
36741
23802
70093
95764
3747
30757
51280
87065
2470
77316
83996
51882
8146
82031
26089
10934
89218
13867
25891
75672
93660
40598
3180
36108
49247
61032
53974
59905
95678
94641
97105
40048
2339
2000
87909
42810
78080
38446
37517
46333
92613
34692
91981
27320
93402
19159
43853
16926
54207
90135
79746
41518
52114
59576
96153
62487
23766
28103
56168
67376
90982
21840
79491
18967
34079
62926
58400
11589
14139
52899
23926
94665
76279
21226
30331
37683
65732
11128
3905
1736
2036
58825
17023
92356
27462
18745
30185
75261
12493
91263
88288
75279
32951
78463
13393
19132
28254
96704
81521
67711
70593
47424
75630
65990
30663
74393
6116
76753
62011
16506
51967
39102
98190
29369
84725
52705
17695
99890
88318
24342
43588
84787
59664
1438
27456
58997
83285
97606
84250
88086
48786
27809
95244
69354
21535
11376
85274
98187
19614
61423
69390
70688
94391
95504
60442
61207
17357
19719
69427
79310
95471
48327
81207
94647
49539
66395
62880
9012
98070
90358
87984
4913
89869
76495
35560
84360
9181
61165
1631
29737
93258
86171
48170
67171
23315
52241
45039
74040
40057
70026
86719
92606
44631
18183
42388
49176
77022
83912
60660
56149
7950
48548
37346
28024
52243
54502
2712
17477
47162
28575
38527
30500
20214
98728
54501
28916
29130
67917
51976
72861
46119
5998
81758
76325
13126
80416
87162
36828
93656
6375
48657
3079
74348
21842
82527
48295
98664
99139
3341
16669
73764
7160
97396
26775
26736
88719
46066
84400
2430
5360
88324
97862
22325
90910
51656
79131
14171
48275
37463
22684
50491
19980
5066
59236
75481
84235
89561
86350
24913
23463
5299
20254
77915
5693
68494
96881
17040
87866
47758
81455
51418
77386
39771
73461
81338
39076
82638
66250
9339
22733
86484
60473
72464
71644
28103
66313
85975
60797
59403
70444
89582
38122
28612
67673
99295
97244
99880
13148
81161
74604
38306
96225
57953
49021
16675
42748
53565
53754
78902
86962
50044
97380
8086
63675
15928
64315
54347
6078
54872
4648
53958
49269
44541
32074
7240
90168
27267
3624
25970
65933
1372
68810
62836
51572
97433
16074
86258
9628
30022
87617
14758
77514
31376
74469
67711
64531
98243
15658
6318
46034
92910
30391
93384
31763
82630
70564
44321
53281
461
21828
50591
97741
37122
98769
77581
76021
54823
27579
25644
33918
89559
36661
95918
96594
79817
90824
96452
70312
68796
19834
37876
61790
99356
40601
65976
60056
17512
34235
51645
22145
75040
6022
61233
27428
43069
1125
32003
99842
46474
29819
6708
44821
62575
3610
43103
95956
64478
44274
35060
71042
12208
5412
29168
59209
80517
50971
66452
14390
83427
18347
80370
3990
97581
25477
58514
72335
24070
38720
42976
54413
51427
38625
97926
91237
14020
91753
15218
2271
17587
19975
84080
41043
43465
86210
38599
82734
83684
94472
23038
2512
23702
4597
71299
67357
17849
19195
3413
67456
65253
88606
80900
48479
92371
36276
62172
54608
44536
35683
4719
29343
78974
91837
45198
51012
85894
50288
90767
89367
76974
46738
31414
43874
31211
57952
91566
29184
54035
40308
57256
89365
30883
7839
24213
47559
14866
17087
36164
49814
33543
74377
59961
84843
93747
92521
50975
28178
94766
33304
66259
65011
40560
3397
35073
16722
60423
94473
36650
30322
4526
48036
69622
11973
92241
14990
79253
65426
2483
38274
45708
16397
84329
60827
49911
29104
55055
61361
27256
90193
38258
38647
55973
74084
9703
7666
27889
38751
98235
87087
545
1696
40339
94546
46057
94541
11932
77912
22092
78391
67236
71458
7883
44737
68610
72353
24124
69329
2729
12474
61178
70747
8549
47213
92870
22090
828
10920
9085
48544
59068
83288
98135
22560
62785
60649
65223
66705
72841
59393
99931
77143
49461
48704
77697
87332
84611
40697
67809
650
42101
52669
28700
21749
99397
47297
97468
15898
70684
93993
78295
74279
93400
55065
59153
99500
33685
25665
57604
45180
5147
77779
22245
99346
77132
63789
33307
44061
22810
24918
10148
21369
35967
50726
31344
14620
15888
60034
15736
74662
17871
88459
13357
2325
15986
94835
68408
10094
47287
15403
68905
27456
16344
83371
1630
81511
17452
41551
58578
64359
97618
23831
35968
23153
44034
66397
13387
14176
44402
376
82620
47743
34699
95823
5440
29029
35439
30320
57202