834
9176
18316
16397
4806
15521
19218
16818
2738
19936
16752
1837
17556
17090
18210
9875
2761
10455
9163
15695
18814
2752
11605
17195
201
12660
6798
8728
676
12446
4021
16056
6074
11481
4954
17345
3513
8619
14297
19190
12937
8222
2502
5623
14928
18106
15388
7693
19162
11670
2664
14909
4965
5484
3455
4537
2393
11000
16670
17277
10574
13375
3571
11514
5510
5929
6658
7880
8410
15779
19562
16189
10147
15983
7321
10654
5254
1356
2532
4484
13133
3206
14966
1136
1831
7036
4381
13963
5466
8285
10157
560
8054
16631
11932
14485
12704
13909
17623
3352
11358
17418
19949
6801
6775
3715
17490
3759
2808
767
5150
14764
2282
5637
17356
4924
10179
8720
4325
11105
6245
15279
3207
9671
8396
13357
8570
1322
743
17375
6927
8851
4489
14870
16127
16142
9415
1617
12053
16627
13029
4532
10382
11399
12716
18949
1614
13614
14852
12386
7894
4952
15104
3936
11469
3267
7973
11963
11681
7785
11986
2763
5827
1827
7207
16085
2302
18347
16479
11676
12614
10048
9931
13795
12097
6740
10947
6404
18084
4734
165
17448
13477
9582
8350
2356
9014
3280
10902
15
9038
10793
14347
18598
204
321
3072
19304
2334
4953