23275
8389
163252
197626
185230
223209
69222
104153
218066
246664
196496
236521
213428
104181
203842
18200
79005
143927
25276
110544
153738
224872
131165
52106
116227
170462
131141
162545
193959
137015
123718
111270
240086
57345
110402
159830
207332
11572
110172
222962
100326
135775
123594
34811
33749
136923
26823
50240
127459
157880
11701
123331
231638
127354
98506
76296
10626
99267
54415
227909
240596
101761
80229
92424
96740
241923
19489
171166
245676
30667
62595
160530
4434
162101
41772
222842
27588
119380
129597
5696
113732
8021
215518
215144
134312
49257
220762
121368
120857
103945
101496
73071
116143
179124
2491
215077
43029
160521
129521
104473
28727
40014
17424
31095
168659
143967
238975
175364
45904
131690
8316
46779
192423
169200
23401
6098
149768
224819
149419
50574
118378
131449
71205
225653
5116
143082
84658
128620
167137
25811
104822
129788
201771
230347
229420
107100
212731
175732
232197
134668
207872
226497
199029
184951
112653
201239
32610
69814
214020
56801
59522
237762
87337
83699
203993
53361
157083
10331
99625
74875
172813
22739
168488
222294
174195
56009
15415
117600
110898
91496
117984
213213
64784
3481
240413
219714
87786
172710
47586
82598
96407
140315
146382
124467
19541
15453
93327
220745
105672
198647
59701
230968
189187
94258
147400
761
824
16059
217089
90934
128625
168913
129270
63968
194407
226689
178648
14682
83479
107093
249699
179291
62118
218068
33699
208348
12262
231436
53056
190826
210283
183357
84631
91892
89788
168626
193612
34971
86528
40229
232572
89435
242581
121881
144585
215651
79633
190080
102798
242037
5655
78375
153202
199676
195710
98927
154587
150917
144463
114008
62966
102443
157297
21005
182549
227046
124785
196303
165775
70993
210553
96297
109604
173436
77341
123092
84353
85134
210553
130820
29758
31246
69853
112853
146264
197032
8694
215134
175463
46170
7733
118239
198658
223058
233425
51047
111175
151492
127635
25038
13588
122384
54669
24689
7104
42841
27517
200224
67642
4474
155227
134703
88253
164679
169909
228146
129188
31009
211352
214686
84389
190459
13100
218475
35797
174521
73103
53599
64368
194992
138421
221629
167127
12490
152364
38306
195446
67781
192366
103404
5141
142796
116889
60340
242206
144084
120862
192560
191869
209912
219313
236537
21339
227784
82925
135302
149651
129268
220788
179563
40587
141831
144429
63535
142790
64497
203329
238326
43019
202518
95706
107800
100095
233919
150121
225218
211825
143655
41771
167378
98467
184052
153210
170590
7152
88460
195349
242940
201200
73057
143668
125258
119821
131012
108047
148609
97135
202522
148805
200246
108121
244939
32588
241
165416
121911
25953
103197
53787
98720
77338
185488
148380
95811
33722
129338
221508
72272
31314
137515
153629
188173
149646
88130
47260
240346
134627
146936
166028
7099
34388
172617
233712
26168
99682
69180
193949
109846
11271
20221
47415
74701
39053
56132
239605
9561
218843
230529
10956
161863
102285
63910
115940
20989
224714
116643
210101
23791
232688
2534
83942
204314
141078
181623
178527
147963
88664
110965
132218
139275
166220
156585
187676
26389
172499
149891
234050
111754
92083
198235
224064
172814
36008
139905
55333
74340
158589
245618
171042
84115
102420
225735
125268
62578
237466
243645
194535
37049
129398
38164
202643
130819
214415
116029
136815
69327
34409
65308
57186
7690
122416
203514
209967
167462
71679
206581
213429
113158
132116
1811
147581
30568
24472
178142
138642
187219
135894
3259
191765
42034
8406
247371
138754
41800
183252
225856
158404
89868
158613
45883
9194
145880
248631
248660
146007
188906
163163
126585
93642
228572
114222
229290
207644
120673
110084
124559
142672
164204
167764
232011
4231
97815
222706
9004
92377
67955
248200
234732
200003
156374
162863
37401
166012
246607
143749
178361
69631
77851
179042
109346
249348
35665
111385
247118
123072
10800
91955
210422
120158
1493
192314
37898
146763
224894
113633
233486
224261
106029
92860
148911
54526
14440
184921
15957
189148
211123
154572
247805
110773
138417
126142
20918
88359
32698
29440
9342
149875
107523
241539
131658
126531
177622
39528
229719
94844
143870
13487
218603
184560
196436
226981
107463
195800
32400
222156
72895
211507
75674
47748
154550
162583
138716
73231
106083
24781
78212
101543
194775
105880
115126
216450
233362
23910
234555
34121
248248
207155
27545
40893
202251
12842
185791
41099
1988
230005
127437
34618
123735
144273
47885
25551
193186
36315
65470
44575
43644
152818
44120
156907
202395
25228
29237
248234
139239
146670
120034
237440
103120
14836
106187
175757
124588
116430
98083
161347
220173
102625
189038
2598
213927
101850
24344
211705
61811
164332
221075
70389
112661
60822
134966
206739
220194
170923
25756
79115
55395
233259
182566
42717
63253
168054
165203
243327
239995
169495
9979
224463
160343
197295
66339
111422
115244
3919
29134
189547
248018
180265
58364
17158
84962
40312
234192
31522
110264
36999
114505
6997
208719
38187
52201
120951
103899
214001
233706
243373
235504
81562
126214
23340
215140
36562
104908
167284
39640
208185
221057
222668
64661
183999
43415
199598
58615
219001
137508
36530
130248
23392
12502
206583
112022
127146
2001
181873
120571
34995
33604
218779
7594
106897
221018
233198
20725
210227
229205
201534
201894
43232
90331
68253
228068
86481
157580
221020
188424
83364
119653
38792
215592
171306
148119
104967
173656
217039
122610
95091
101605
77826
117469
193484
189426
13051
134312
186360
161
18134
105274
12672
237523
168233
208900
75429
160988
197524
235085
181759
178033
110257
11303
71441
165431
93830
93572
248424
249235
198500
117280
139109
158177
249963
216637
48629
223344
169192
36881
8568
134835
142290
29108
212393
93021
35266
17173
39189
62277
132877
158763
77881
232875
215776
163944
169784
49329
102888
105963
206377
96599
28609
68472
75539
67084
44214
139996
216697
97456
230290
74998
116612
237639
116545
198157
230246
40016
146288
168260
41878
35932
34025
1164
125762
13193
97020
117430
230606
143947
22341
172267
176242
211434
50583
16774
153334
117237
54131
239403
75257
33632
114194
179610
62591
97011
40707
202872
33431
162058
39665
54775
187975
219583
64144
226613
183389
170283
90447
120177
203422
21051
198882
195422
117625
176027
109191
16654
103462
52024
185064
214311
232667
220767
222782
220855
126772
71730
116385
136272
42068
226195
83455
189060
3706
176769
12130
195008
22560
68833
215629
235009
130690
3056
185698
107585
167028
3999
199933
155332
36508
13638
103055
125596
131873
126139
228966
69916
241661
204493
81907
118869
233855
2294
139256
249940
17728
13723
62910
199315
152843
97970
135031
145143
190037
204695
33531
38584
232680
134799
10954
225875
241420
222901
106138
90289
182014
132886
12259
239221
54449
61627
50885
63798
194070
143166
36278
16840
44839
23854
19524
198632
158164
43284
99180
42592
241967
204176
32094
135945
86351
64270
31706
243522
232235
16027
137495
26617
36547
209957
126151
36364
97202
172247
193367
208957
175096
180492
104262
40172
36083
37404
162259
88987
83971
38131
38108
196464
233397
12881
61306
131797
43107
246486
130887
50827
7532
4796
162497
168658
231217
143891
67126
218976
193658
13290
29781
98345
4251
141248
45132
117977
124275
164175
196882
128408
81239
71862
212485
223802
49742
1693
243265
217660
38752
110352
210477
38863
5763
210599
167089
244954
21082
202005
194495
73345
189799
144574
64685
36353
153886
6433
115754
68732
60655
217880
147224
195937
40864
244990
169911
1544
121690
42710
192733
87602
90786
93753
208453
95745
228011
35507
180411
221450
120727
16883
15036
143562
171568
12091
52262
92224
68997
208344
46158
74215
89535
8534
77933
27112
105462
80713
52796
103331
60218
27270
226749
111976
79226
185471
31291
189438
65844
183306
211147
183885
236908
84662
88483
125651
52219
212337
231219
63385
86571
7255
174302
183870
213174
77188
242482
65602
143380
232476
215521
44769
231118
211068
90188
221545
154523
222442
225316
20814
74682
144576
141110
69696
143908
109762
188225
220872
75312
157993
204644
78098
61799
10549
106402
26345
138127
27773
101486
215063
44973
133796
192365
196274
105358
188352
22062
199339
51053
215357
235017
192996
146433
205788
208305
170354
18628
60710
170635
193159
140314
18280
223418
74947
28080
219956
246288
10452
69036
47678
56868
112079
195917
84033
91468
58611
138230
153218
3178
232465
219647
140077
230474
54311
74347
183750
203240
224868
232657
139741
116098
68814
226692
208456
211347
27514
188412
78441
96593
59334
174696
131160
210086
149613
199122
83357
113036
180651
235050
179421
209095
203928
133968
216194
214756
192223
173870
10107
149613
88324
201312
12748
96830
192099
40776
62771
177326
199752
142165
130818
247381
200399
8692
247450
114146
87306
37875
229171
194921
143348
168117
109309
136198
59347
248792
142669
198067
202782
125553
53438
86089
164078
85501
80841
100988
17119
162992
151749
245277
171492
204026
26778
42382
27123
25623
181114
57285
58532
198487
150597
185868
203657
114489
242091
187492
100845
173846
75372
101285
20584
114049
57155
87633
75229
135830
212459
181156
241364
130127
22559
58507
110373
46246
240545
155853
19045
220894
81142
76912
139041
152722
162164
20962
210085
171834
233940
213515
134937
67233
127509
166231
131405
89592
40301
69005
90240
70174
86053
216167
192815
146366
90933
50947
1348
81263
27685
37675
242164
49610
87159
193678
183456
202895
199422
116103
164159
153692
38438
67075
228240
147749
67833
56598
176818
241616
228367
60539
240443
164797
73722
79233
69201
196488
214494
115578
81717
9664
25930
235859
139422
76732
145608
155015
100056
101636
159436
243395
80588
134903
48243
30504
16347
231646
94577
114138
240708
80939
227764
97150
26320
144732
134640
222339
106872
157832
52646
156933
152081
123230
142390
155653
124849
10810
76787
186045
248545
232906
203268
60818
86128
163845
29585
39651
94588
158067
230591
128453
3261
203463
122256
96512
191518
7143
150864
56732
110228
128593
72140
197414
163822
42874
77411
23392
17397
133573
211472
84575
142789
170141
64156
226589
26445
181489
201223
90499
183698
203587
142747
140269
17420
224489
141279
46465
94311
30811
58956
210415
249174
37195
192912
142429
48976
150500
57051
1955
166463
102860
142520
184100
6093
57063
232899
219503
98961
209255
14965
227500
200316
41960
172140
74692
79473
20349
239834
134602
189162
146249
82124
176491
91242
189805
111940
201852
135856
97892
245423
68036
90534
197847
37340
35523
115966
199702
96531
19142
204902
111820
132077
241514
162703
30526
79462
2092
70998
96335
222566
14156
137341
162940
238969
197287
222311
27316
42329
173112
218715
27870
198787
229680
219550
51119
48854
191797
236238
73228
19335
179772
227325
214351
246010
99922
205493
51967
80523
238069
125210
35617
69208
105394
240073
239975
58705
56137
32237
64054
7938
176369
202991
223575
23517
122807
136244
31331
82133
205624
156003
79556
8412
78110
200191
179220
58942
215593
168696
247013
145843
212322
63109
169228
210522
156136
162889
217823
187595
146791
106503
223491
7501
23732
99388
6173
214728
183728
79579
229746
97556
19820
20050
38288
38591
127236
38231
3668
101219
12689
140246
153304
22226
49127
123470
96263
167824
112704
149381
23360
193412
145341
222175
127071
162466
24013
242829
136212
43061
100049
57932
190217
52355
66675
162102
240833
87610
178547
200636
34863
148977
138224
242497
58316
225708
125552
75003
133431
217824
119640
10150
156785
136978
115698
2139
145840
53743
80713
192292
197728
230061
74303
48665
164709
235257
152632
19504
112863
183451
37709
148160
152959
211356
157023
112030
238870
23416
237946
42927
34433
110766
109096
114245
176150
7450
99534
36951
28775
160057
64313
203085
108531
28897
137926
168276
187548
135131
126185
206493
216662
145538
176416
98798
181737
42855
21890
67755
219860
87294
80120
198276
180752
150354
245900
121638
122454
92688
173922
41038
133306
204044
48939
56045
185514
63930
32145
217656
195301
149536
3487
178465
152841
63292
40987
20461
171367
91259
133153
54476
199620
11752
101917
85342
148502
144941
245385
105489
93366
117055
228814
39768
81062
32709
112038
281
42350
97234
183955
156899
77006
55011
218208
180716
12640
30085
66612
234497
221655
58008
126058
207707
66427
148967
28989
9630
78060
217802
151685
95132
43568
65719
151532
133408
207864
188656
35784
70737
33082
29405
101632
90082
197972
141123
183549
159132
205542
121660
151731
110276
134414
139161
175380
245392
33866
121833
181582
136889
89100
95012
112080
63846
40911
87766
53259
174755
73562
217809
33935
89423
169365
98669
178722
13449
216747
125211
27102
231960
50953
2370
27893
31358
225690
98391
163178
175657
53557
205493
35471
99534
80922
162505
81581
241455
74389
164917
241016
111567
128645
113128
62793
173853
57179
93036
105288
178644
63825
156080
85545
81177
223818
234824
226785
131324
104171
166006
121918
233343
223435
158881
68577
207623
202818
21510
149809
129862
224155
22236
22864
12357
71015
241822
106939
224986
98658
51265
205112
194226
149183
78568
130077
58868
139879
174632
247545
48562
13413
99391
194830
13249
27548
90129
208476
130548
24080
93208
158645
173591
25969
66027
188099
239773
67434
183539
15060
235979
104542
190872
29067
181302
73628
29824
184348
128762
237684
67611
108451
41910
127228
195631
238170
54801
10177
18340
42438
15893
47613
112532
29979
232299
211830
218574
19486
206697
167997
119094
105387
30638
223542
53599
60039
73688
40297
124912
171995
161090
1289
225018
16231
117607
217950
159206
12990
92574
105401
192328
34822
42814
183937
202340
95184
66727
24960
176431
249867
236146
153158
200929
139251
221454
78682
173800
39516
137307
157451
216798
56507
175999
13025
74451
19356
133611
13722
226535
205416
37697
51792
153714
75566
188974
20274
135059
27880
163820
144038
107362
207920
116978
51922
40084
121152
108520
87266
222580
165636
97664
54207
110258
69256
183950
90606
191354
55180
207295
82543
213388
61958
239665
13742
115118
75303
11501
149899
163118
205502
236042
12067
180191
11258
147208
29738
25683
24888
238264
139547
236790
26723
233205
93862
194039
98298
7656
136577
37408
8708
166532
75319
133529
223157
123116
140880
147931
151768
138091
77532
138654
134950
44185
80378
175465
232223
85312
143484
41603
135535
98965
151010
22708
148287
238571
205859
211459
87227
194671
120539
125181
137879
43888
55835
64220
180417
191757
144051
65494
161509
39020
93994
137461
178828
230581
3923
203284
115617
154767
239570
82471
125185
161576
2930
23685
188780
86729
42852
109649
93847
49161
109563
162449
123654
77790
29067
92642
233575
205432
56007
49701
179832
214255
44944
99052
191181
11231
133598
200187
21087
113081
181690
10575
33404
15945
69646
49843
197741
185828
130521
219138
159181
242119
7290
133247
201179
13345
69968
125163
47692
175886
97590
2145
59682
134593
46628
207221
8098
149487
37490
83284
131580
75677
20712
209190
24339
68735
200267
186171
96174
225439
210060
215598
7766
43840
39132
1250
55698
141036
192397
69139
135224
2186
38755
77978
151546
18301
142729
111194
8815
4947
55840
154046
155348
93806
97959
173211
126699
30887
388
222084
5456
17214
86956
167483
165964
172378
40929
113985
66999
248593
228394
14654
75634
241889
219630
199561
148828
107832
239800
61529
133424
28997
211618
130994
28552
230223
106519
212554
229452
57187
148648
14528
98593
168747
158064
150842
196052
74920
176473
87726
104840
232375
230149
175270
68402
214122
203233
177547
54144
76506
87211
23341
132393
34795
196645
153571
17377
195521
113006
116994
204216
96651
91815
165593
193512
135204
247354
235255
164669
234616
101891
171738
54638
161063
222840
64639
24579
38859
185107
3367
30391
101212
98480
107945
108455
184833
223409
226134
124539
55261
202567
204998
177857
172844
40857
21830
2943
33949
10577
158793
212158
245881
143449
243983
126167
28922
174611
218158
201914
18237
222248
78580
31045
130724
111098
93647
220707
21151
118209
27582
95308
120456
68279
3299
198181
130183
150340
240312
234803
205623
188338
238106
248607
206860
51378
88700
113890
240824
234703
208203
96982
117603
59165
44163
231767
93543
103932
143419
58904
165733
73924
211786
34630
134148
54872
25150
155978
130590
3363
47291
83248
189983
212842
231063
201769
27867
44820
22803
172252
217173
169716
10967
130063
20838
134535
226039
109166
9645
77111
142436
39236
243814
91935
131710
37150
82563
210285
83207
142118
19073
9497
168379
115266
106116
97840
200517
129362
806
108105
3041
127646
182345
155701
49225
237318
243962
157635
20234
114706
5561
78289
81588
3978
212816
199307
53584
180903
127106
129223
27114
202892
200282
46440
135731
225559
80355
60713
190552
215136
94137
100883
126432
187694
64567
89131
29452
191184
218015
89226
185466
233928
193461