322315
290756
64684
75070
21440
88393
309424
318698
296162
94915
258044
406312
195971
128968
351337
138640
317118
217866
460586
352007
300814
323783
465189
130871
340414
171692
434958
285507
391141
201857
297686
181778
420517
73643
404379
436669
429357
148124
365729
360730
426966
184390
251450
362201
113118
384738
149344
113198
19731
24253
195164
155993
198196
84201
58393
391877
1594
235320
383345
85789
81032
193696
447487
59704
310992
5594
407476
281889
495180
145181
327816
407260
459928
107214
168031
89647
476117
492654
100532
364746
443292
115920
199600
32443
105878
331694
317876
475677
13696
66529
207628
404327
178012
335700
274225
332416
340673
363199
145330
262815
224960
375606
225543
345984
443451
260506
142130
327236
415491
377570
83819
66430
54982
495652
47353
355135
349869
231351
146643
318727
128257
24077
284411
5810
199243
317659
56293
124475
72171
235395
107061
468867
15342
65544
293943
192205
80260
19217
1344
234070
322611
258174
42631
54492
385217
407773
408095
307181
84122
236949
4608
48382
84366
85363
207765
393000
105033
283488
100439
276913
434454
52795
169973
393008
350157
260471
237589
98289
22148
43973
131443
174982
174911
91890
200600
265333
465214
253946
261416
474294
416872
116191
175744
84480
197829
189753
439713
370924
152460
235952
413248
499010
465516
312418
359055
433097
30404
3826
290070
365063
388717
382213
74766
52126
274282
418413
297162
99023
148134
284575
415052
56985
284784
240133
106005
23795
131905
54631
379169
310422
248354
138535
36005
481328
332945
385671
323233
76759
65649
73308
458180
341407
299144
85155
470886
384231
6460
144787
390168
166922
4804
26890
302925
381012
274651
212714
485431
192761
33048
407863
241778
151803
431155
411727
69792
223018
295672
416891
204217
437242
233581
276300
254887
393846
405298
201233
459021
259145
373506
74002
323815
489981
152677
242421
359260
257494
49535
130883
377939
197332
376104
409852
120043
492744
279241
420374
484515
97214
474952
472721
213626
76341
157564
315556
363881
385046
185425
249991
185024
71796
110009
34359
384435
131489
21096
135225
259777
487947
453736
194403
274800
141230
330043
370829
340747
212556
218253
345792
442950
386321
127371
270799
295312
307868
104673
33290
115927
331699
352795
44932
94073
489985
434916
479712
65971
62495
277862
415036
327901
477780
401976
194462
490277
207559
253966
350383
443146
15492
74531
7396
167375
32374
308688
80357
53046
479131
125019
255512
395152
344400
370543
17211
291983
480385
463869
169942
483333
385116
454390
293743
177248
149732
491950
380926
401335
108008
377936
44719
433589
157027
130124
429390
153117
486670
231717
113835
198156
214160
12130
448140
279982
335746
329629
158736
235963
136117
468283
98107
444238
448954
208736
134042
2264
236658
206459
163672
54195
483341
213272
233495
152270
153184
184667
162623
122055
341952
195837
109530
45395
380661
150708
121219
429146
37484
407750
153422
354413
453228
188601
284318
309366
209813
9426
360234
111602
118889
2789
252238
226564
16852
148461
278366
296174
217044
437009
229417
480456
415868
307639
228960
106308
404642
196058
113282
474331
496263
446355
429932
172971
21517
159047
185537
81685
368991
248958
226923
483122
459897
305362
26950
155412
450181
130052
51806
483758
245849
61260
197815
2727
291613
323254
225953
261912
479294
136690
389944
165735
118518
293973
332518
184845
418605
106621
174451
86157
488658
444060
102824
492432
409376
52516
433948
434725
227198
471015
83076
269380
170061
53644
6316
309682
69354
499156
467302
52204
441888
213840
347142
339838
139746
407887
307000
37853
91773
406353
391957
337186
275587
336090
44395
406708
52962
272283
172862
146284
349865
492695
270702
428717
303789
121805
331018
196550
131632
328894
301139
481204
332042
427117
490676
10367
87399
77194
429914
319301
228433
216464
87984
359209
398381
21519
436565
404669
154102
85820
364555
107398
260411
352772
451986
194433
57124
305196
460790
480427
208154
296840
148877
436512
468637
283456
10575
307895
34357
231569
142681
213051
438990
107818
264820
416098
241084
318437
49433
363178
79199
466409
166839
257942
191742
252409
40641
87664
361268
375457
293637
376183
487771
129029
443478
369159
148381
139932
148812
37222
70668
439879
176787
51119
167513
153415
390282
294555
228297
341205
397543
474086
83701
28610
145108
380319
136888
331060
89685
414152
448280
12781
83745
90408
282965
149595
166882
363901
40606
409198
439849
241536
273212
309800
106020
337658
169240
41634
126073
123669
296318
450219
190825
178694
11185
495453
417232
466678
494673
39439
418752
437258
280995
333634
329605
363243
119965
496546
203387
385929
19491
478296
216758
462265
227554
29233
448251
216302
66689
93238
49904
159899
12489
352047
396953
497305
285222
401712
478949
488444
466650
315368
438083
8853
85338
5663
444368
17908
419189
295049
370155
73207
426944
62879
139294
365544
496948
341438
435949
22380
54556
268180
470961
122388
452006
302936
8929
375193
309168
498675
6474
198862
387635
497272
63863
35457
30804
410913
30251
286968
459367
302007
472771
211960
184900
73483
24427
253068
47121
5672
99512
339837
185984
176288
259551
227907
413401
433998
197376
92629
251863
69745
394224
309110
21152
353049
395054
275346
434510
14921
425546
62992
466873
11399
110153
11095
499751
402702
21845
74928
388838
14157
385526
31786
186209
278463
22347
113119
8615
386403
427391
392821
388814
299091
228349
477020
419109
156128
343587
457603
171954
148975
182666
358195
387360
354191
123080
28572
457200
462651
273987
181081
454719
138202
377649
279463
325925
273895
216183
124587
34363
211998
447148
40839
11773
494003
442231
304813
296440
397287
145826
267818
318652
484352
485836
16962
202116
119254
21431
230913
241380
168080
370401
162183
134057
437327
441833
332656
340514
348966
384434
99947
350180
267369
228820
399232
50251
452046
201899
472104
56388
449069
181090
324061
346166
8163
314616
72742
337970
103703
93173
424724
356325
25954
472196
328776
496940
161946
172202
172715
391975
472621
307242
421558
238568
480312
471811
94159
385349
468986
493883
74738
368750
425242
332024
35816
363423
363403
290515
155119
251538
61968
296100
338926
23175
487250
387457
187325
81518
434217
423165
41355
431548
277992
73977
272926
267489
311187
136509
478644
308778
134601
179024
116036
366475
194145
366533
38433
136603
37819
79039
290284
135611
115775
372180
334604
487808
28054
467333
307638
244527
318271
432142
163220
384783
448709
481988
487484
362742
359502
121927
162634
463591
168622
425667
467535
212205
330934
102209
425379
97388
381959
368810
107180
477616
243237
313178
475279
307603
154398
369403
192830
130384
244259
36451
167894
138935
422259
434583
36101
247550
192740
445870
492445
223089
165964
304168
132715
302290
439568
111523
96901
36339
483824
308909
424182
477629
80380
146359
48320
470179
378265
282059
439316
488513
178336
165152
457769
96314
260602
399725
245246
77277
492115
437466
199194
446096
83139
183296
230487
128477
117710
265984
357362
270601
253322
273420
68690
391195
448728
61
190241
291613
56109
38549
30619
388113
406985
251406
7734
41026
64439
20970
351671
476134
144209
186897
176738
351420
226679
348467
224652
432898
125827
150861
439023
170201
413202
396881
149507
156439
199844
288147
114638
180021
473673
212698
320575
217466
127061
81433
71487
297337
383173
261947
335956
35009
299912
332252
450344
337114
302722
132163
189301
466223
167769
323865
89479
193225
346338
312735
346103
473337
398654
410603
203168
367313
200573
86788
17825
456013
499041
212461
206821
104913
124542
384254
9565
493487
107417
389002
42549
384022
324942
27452
389208
85876
469359
331892
388901
176695
154622
142261
22252
251494
308518
84195
484835
433696
238190
406255
149510
193834
246734
347390
217934
203785
230604
46019
143281
335931
390307
15288
414351
482771
429577
39276
477852
464793
275643
459928
257058
235083
487110
31273
141901
433970
40320
250368
62575
402452
11855
448668
259452
192660
488808
142825
16151
462060
9248
449778
146729
338602
140441
220521
123295
451238
27703
120673
310702
68114
447623
229603
175360
488710
98035
345429
499665
487499
43725
64881
237158
327397
271867
234432
24224
408671
311020
82599
494611
266052
432171
369034
414618
6616
94271
374337
229891
468882
403697
466605
12569
318099
409152
230434
126213
168103
299776
445645
245124
423649
222572
457996
311436
88571
432836
76467
125008
431560
185239
210487
499020
190407
255585
359221
294369
55278
93367
141225
116914
256341
231322
362350
344942
462557
126192
204196
410372
377758
113782
86493
210679
141706
428006
4170
257341
339005
91134
438433
46853
897
473212
374465
426860
359635
242823
155202
178269
300583
451382
179506
97313
15476
404359
395713
101636
456267
83933
463385
67489
478062
141386
32936
492678
209819
483507
187490
72343
326595
87133
136514
242110
401992
58609
144408
284280
465396
493823
149445
447471
139324
212030
138232
281533
342384
390371
197644
67117
431909
227148
270677
353308
20165
48863
218935
22607
317019
166546
303865
259808
194457
362133
499952
475895
437764
192246
276145
428999
329267
476215
348450
315592
265903
352625
338902
301480
483650
88474
180843
219633
171644
120733
22274
171095
272743
4808
42813
400578
274804
465530
183866
471267
325469
362351
375876
59412
210968
394061
67415
261864
74768
42714
80739
192227
395454
354876
133803
434203
236385
425358
269768
299101
16090
418300
317927
88346
398282
398762
192653
398342
218186
396698
74052
344420
430485
73213
255458
171118
46279
488316
269590
417870
44255
82158
52124
397303
173160
350441
454901
223165
337347
396853
152415
248447
440034
427299
133478
235405
101446
69282
35992
143256
88167
252164
77908
254785
464989
102214
483189
407749
349122
480904
96016
181807
263553
403309
290155
397477
397321
47930
472851
299924
471230
243708
195459
8149
347048
421687
318540
452997
262992
63668
191806
1468
69109
258417
56346
60744
444895
154853
173983
440489
293116
35062
336409
157608
426276
165439
23233
473552
141303
173556
369976
483735
423131
66316
302965
211731
231116
4084
292298
311238
388253
136050
117428
53653
407432
296148
173277
432163
265639
167918
62743
150994
227640
200691
412554
458973
417135
66913
329738
153427
41689
284157
221823
188328
54184
167470
58850
53225
314587
142586
133229
258485
390030
117682
320981
33258
286322
260060
309255
8750
147627
223654
149131
499433
470761
198194
482760
193904
480444
135480
170959
130554
328090
220883
465108
56080
42204
84634
423432
96548
94140
39583
467509
101237
200626
82425
280596
188078
171487
431003
387866
39145
288616
2924
346041
34935
499624
315321
107627
274900
10433
100395
375784
380780
192590
79471
407324
248836
429465
229722
295242
315028
419893
315898
239395
494354
191299
131705
185668
103241
284616
139090
440166
160939
39052
190021
10417
143064
273892
439784
363400
50230
274623
316752
350724
320991
354123
426237
141920
476310
23208
459388
273023
62968
469751
217369
228787
206484
416603
1999
270392
168516
10740
34720
490273
374311
141990
344084
496635
359343
481179
463975
146365
34310
69288
47803
133774
373550
50722
28202
139894
172029
211754
316310
186846
354999
58099
338282
158199
449176
234592
67008
460565
272679
365978
234916
161688
412885
110884
58643
404664
262497
321697
488899
125179
173910
258711
22546
4213
324322
401427
176339
320765
204692
470504
467840
312700
190287
460367
131638
66408
43179
197688
177137
469318
343675
418437
348546
50206
257738
461002
6723
271787
428381
49167
475146
483970
352062
392616
405084
260997
264208
231816
294452
261654
333992
307306
185654
301402
385775
174732
140878
130902
227191
444765
94225
150249
421672
234573
210273
165141
367343
152147
114151
321757
65853
68344
346949
29542
145955
88805
333979
21898
462577
197235
393535
407107
306528
134483
460053
348184
173379
289256
442922
312121
144522
215675
324929
49482
475681
51433
111721
321122
465360
113177
174250
73869
92180
487318
34509
238380
46509
102237
20395
473362
22984
147616
81829
234464
312961
490475
379648
355493
424026
480466
183469
214686
307979
390964
217394
353558
356172
101973
364072
342481
146384
133953
161861
355961
225202
324476
308208
280666
396146
463468
479732
137997
82248
309573
338170
173158
41849
499886
218287
233167
414741
253805
422210
191430
10730
385220
256038
345781
104265
314606
30988
220773
181210
353188
493723
295611
4397
195308
378329
61912
260875
374698
371014
453929
318722
241924
142502
212694
28022
323257
134728
438443
405205
238929
165848
229428
124085
208210
350022
83089
213523
15826
74476
263816
68727
22837
81171
140664
9162
241531
94446
342187
152478
211065
128478
380036
485342
192850
419140
481915
370271
72451
440074
341307
68119
361341
212382
203618
33444
489215
101872
100871
475905
281300
436593
280160
10234
21851
289883
175696
232492
94862
22757
367383
340886
333597
235947
279917
455544
448151
166110
160688
254661
165597
409367
146995
402906
429416
48174
399270
480179
459536
202327
48523
456086
362350
324834
366911
435705
349209
452360
318349
223877
126815
159223
484849
118188
378211
168222
23579
337398
52253
57948
208340
252329
221058
286267
238935
101802
407354
32826
19557
341730
403129
7578
98474
311403
205556
284108
469932
236002
50079
109176
323817
380098
304726
52015
320319
360591
98514
312348
305201
276406
178093
399278
122020
153984
243679
345091
176749
312422
300985
349846
304861
97594
439703
330062
29065
488963
214596
197396
3560
435077
150773
279306
252513
467488
482944
180981
25429
363439
103677
50257
27767
471677
218041
350689
177115
391862
173548
102342
418372
284054
488394
300907
20032
221569
497374
135807
109871
35069
402691
53775
490425
421703
386256
294013
88747
230948
370009
378504
442789
265222
279254
75835
391527
396344
196752
353171
134452
271038
217682
66280
62253
83160
263596
200354
223524
41100
14400
17072
63579
455600
347304
78260
149156
143949
289558
258429
321617
354145
74305
242182
170596
396045
255304
148096
245622
11053
430433
151509
440525
285778
486580
110023
154160
76629
208595
335230
407335
247064
492060
220459
110820
56847
413263
427104
343348
192256
85479
231349
204319
377803
70695
310322
429068
321308
191428
1232
90911
290235
298288
24911
314788
79317
316413
298493
175261
171454
281085
66232
7805
117052
127357
310240
496941
47578
174507
69399
408558
455765
37170
390516
402919
406996
243250
304082
221906
475581
38255
324799
409483
481296
269005
110554
49021
22661
285730
363743
479920
325864
115520
386558
197676
52559
260637
1508
128731
85985
29145
372265
182567
51079
307649
108045
327225
383792
315961
227243
447207
470754
4901
132801
468854
37556
463792
112825
477984
422812
277116
483510
325019
183390
379523
308262
384592
421268
244755
331507
475589
497527
190733
87404
107322
276669
482901
448531
397145
442230
180106
3221
35221
408005
342821
161881
371125
40253
408316
15258
266210
306607
204720
44281
14004
63937
63947
423402
494504
156607
425107
430097
443515
445996
62508
275932
452931
212143
400327
360418
41501
444350
311649
138673
349555
364956
320890
287975
247756
305766
443684
82096
348847
150222
152577
272031
312876
154078
187011
196377
81928
471522
323938
349192
263883
243226
276461
374401
141553
205431
350362
261043
391772
270821
97173
409756
306726
215889
187425
301081
64451
163693
38045
402737
124697
299935
194514
303416
309031
300887
29639
387238
173928
394180
117444
149607
441565
421824
33870
497471
272652
363887
161885
228723
364204
267004
87945
106502
120372
221961
199885
217754
347109
73363
261933
428792
144656
102474
19017
345175
382303
228870
136250
188312
215056
155001
32224
193610
190906
343897
384054
322495
154808
234688
279052
456505
471437
41027
374270
397617
271814
198377
304442
359164
154601
250883
409511
46208
41695
71407
64872
465488
379578
322118
15410
233120
343647
39174
33018
294170
426205
98042
276537
363402
271949
137776
354713
479946
168443
236416
438293
113119
181803
470034
243141
199581
341114
268875
393519
337780
350996
261595
360376
411553
473178
301911
420107
236895
74342
189128
197954
150467
225781
92235
490966
88806
59686
278794
108321
407232
12034
18676
83684
147100
171086
364702
439292
4684
40648
32960
67150
456282
336030
342095
227048
30298
327404
141719
272638
247709
138447
489287
422310
152831
284335
449387
459701
394946
415476
149475
132280
322121
186264
494845
285843
77589
47212
148986
182286
490824
340129
472822
37592
194399
113636
440265
122709
383104
415060
349654
355877
311801
194497
492255
295038
248120
246855
114037
453846
280745
73112
473974
177252
224907
462648
150249
424312
47151
86838
18615
99483
109405
392155
326383
30284
268026
33118
379594
367104
3776
184619
317987
104226
491701
285843
171307
339943
288069
252642
241775
32382
15120
482012
361500
270624
270650
32004
236785
455173
301795
179291
279324
235705
19740
248642
151468
196260
17323
25900
392568
18146
340648
246443
411811
454777
334512
249760
142926
372831
165673
183742
444899
242667
200679
247934
41725
356970
484555
499888
385930
431638
375138
38058
7218
31413
13972
189609
9089
65472
356810
85523
341049
482958
381114
182638
396069
153047
455518
344243
147771
164144
378539
191324
315967
329743
11047
51007
178044
195196
355963
292282
306881
155577
400430
13161
497732
99397
88737
826
480890
368807
177122
194187
404598
428241
15023
396810
82247
373570
70400
387292
63283
410415
185457
169017
205999
103274
227039
207904
441280
186030
11509
48347
143295
235506
356625
264107
28239
50242
72827
25825
42579
429593
11975
445731
444023
74837
327425
368785
115405
77086
393740
88824
129306
498359
458151
394358
484517
419794
343268
178355
229421
352939
208032
123273
448014
325092
84538
363937
163660
106659
27227
175895
497700
445807
368686
19462
423129
270014
480436
391171
458440
20955
491360
213231
301891
191537
316691
498711
49653
474387
107971
166591
272380
342774
332737
311337
112474
386134
91905
127549
448649
236355
297623
415631
188973
404664
300578
386542
426319
76616
289225
229911
403137
325710
277063
185315
346120
374050
270262
168179
59489
358567
306982
490228
440034
252609
152562
116715
35037
406598
84831
365443
94482
289586
86108
130901
406947
434447
411442
259621
139730
134566
484606
271217
152168
49239
434048
6381
10072
198008
288846
454770
164243
314640
315450
325722
107578
151696
230837
189384
441025
25670
206794
333263
133525
194382
89755
302831
267695
186764
82189
347206
420052
219158
425433
265215
429307
213032
204724
431229
58654
223945
300505
4892
418515
379239
180045
85109
377403
345122
239787
282984
26722
105106
441151
392700
187233
100479
217658
412535
327013
88146
284005
66495
142932
389395
138426
125608
114416
333870
138614
331135
400000
481198
7830
250405
114396
172257
301347
473231
169426
160062
182081
109733
35919
113699
412999
337776
253353
82516
310873
168871
429216
63919
80460
217339
72611
17960
345655
24501
334148
152709
207042
181143
412559
305277
315106
169938
164509
121027
476004
303468
403366
303062
51147
146956
135710
474048
57219
423226
459212
355990
360058
296965
151400
439938
238162
301878
320943
237035
5086
248909
8719
280364
463902
435676
431625
197226
356498
37735
292391
377391
305623
197773
475255
344342
418296
325601
480383
50084
17454
301181
101495
140808
488780
982
322486
482329
78669
136058
421689
471777
273251
355345
296506
174879
331202
258316
344005
291790
91455
339465
101153
97270
141929
295370
16550
214461
394557
253225
434383
341381
36392
173297
108725
65124
272058
173598
476946
66895
264543
178213
151424
301011
36252
70886
77045
182839
471001
127617
131435
252644
367609
129991
59921
372200
201969
141139
86549
241987
406663
394438
434420
312791
74870
224604
77097
99075
441214
267315
67232
164557
426952
365029
251704
199194
155658
244579
363819
389307
353404
92751
50387
449436
320552
201243
28692
30704
475117
458134
154906
220937
69881
35826
391565
106654
452000
36318
141562
175242
102088
16563
456961
495431
470908
84873
53758
208898
430749
480868
22375
375547
196706
364280
479316
188617
128968
224783
426319
470281
307945
31348
133478
304959
65890
66581
40319
210923
105929
114870
195083
194436
82557
322023
353250
488006
31142
78592
222113
16364
405792
105772
368644
409282
106598
488570
245418
358652
390044
414120
22826
81767
385765
123129
477098
358427
499621
376676
278609
468712
74918
428178
162190
202791
204885
448274
446031
438429
283865
50445
421504
477400
430828
489024
88563
12505
72737
307658
367498
198691
91242
482803
355228
59652
430204
96913
86865
428030
292452
93872
96194
334287
108240
12800
281480
141108
444654
71891
455811
436515
244014
275157
232413
288397
311534
215907
373421
153163
432115
392808
106229
197197
298416
64654
302964
271278
212727
496089
458715
143224
214526
381921
499059
332196
111663
419872
42451
300441
332422
87139
192620
94811
2603
457824
86837
267428
225091
340306
421948
178342
482099
27391
54017
285979
109977
181468
344614
214861
128825
489536
426516
322378
301918
235191
140652
329537
107537
218771
428945
467375
200214
260818
163237
247641
493258
9632
204927
182431
347433
354656
67046
234309
168717
187749
307239
477200
317733
279152
228783
284112
228370
104282
248960
167277
97820
17714
462300
110270
240728
32014
475122
98954
220945
326512
309476
253985
175671
365708
357394
294651
463090
378041
36429
332753
226920
212795
174998
83223
11776
330953
432022
266588
108444
394831
439862
420733
458951
219201
255834
106834
296369
379097
60800
278036
170359
40614
117426
312749
459906
131352
362578
133357
213778
76046
490380
109390
408110
128380
28404
437811
150013
5557
42321
247487
62328
388159
119296
55039
240133
489635
413727
166215
188702
318688
83027
452152
187152
256031
123462
312988
161500
98520
3430
15296
468166
111557
441097
181248
69873
85957
130902
80428
113163
12825
492517
466116
205426
439998
134266
415493
213944
439159
444478
231414
102160
458123
369050
288118
78679
75067
117501
35224
94028
320007
95844
476167
235860
111732
555
393552
458342
90241
399424
323924
237618
458915
289566
374117
142478
407627
293589
122563
144576
62429
62332
20602
21813
438862
231114
373661
88446
454919
1322
148680
38795
406951
285123
119166
32665
144718
355001
367675
417186
311128
127574
401364
195143
358376
463
398415
430126
94427
23768
170328
248971
379427
41710
134426
430181
335819
469830
402177
381222
181050
275853
246851
198850
360023
199542
412371
951
379174
322146
276742
253890
451586
210848
345991
16723
234500
300593
12717
5631
378051
323165
210204
385568
403490
113729
55989
4234
495133
476921
337643
181645
151042
112285
279108
48231
165436
81667
495409
15490
477666
434570
123675
289249
350207
110072
484007
129691
309001
290430
186272
117311
145676
299053
134843
43121
188523
8457
268983
271550
242459
476277
490123
179331
98918
127564
218155
92259
346112
322188
296634
390403
311782
358978
287979
233031
361692
32536
424455
204263
103752
470997
87518
157202
408931
192841
465120
240907
77583
204242
493762
344560
429640
239774
133655
45479
419343
55311
96205
350221
370209
195199
429565
4609
267319
394444
134865
497073
394077
190056
78354
236546
256355
119008
349671
412982
117928
338583
133248
378216
429253
442536
226233
29630
109849
129801
426911
405362
60641
62458
362696
186040
406493
94964
110627
169592
394914
498454
105585
17730
214118
221534
385430
15522
109108
138544
425708
369968
175271
186775
214627
348600
426430
292982
52104
294816
254553
477676
391883
140253
336091
201056
24275
349611
296191
381167
198527
388201
342199
113543
154019
397758
70548
20175
198720
125520
371454
173040
413260
360532
384450
327529
293955
441116
492594
496066
372315
112356
220944
468075
313730
151595
143301
53215
318589
364828
368902
24882
434890
304995
218913
486721
164728
402762
179386
18903
184746
79313
294661
251840
41439
252423
63896
493558
214953
157904
158642
159093
78257
400784
27825
163659
126249
280529
337484
165798
163800
407617
39521
442894
68058
292178
139776
187286
288032
22888
176237
18814
416981
131570
62503
394907
340598
229987
125391
206313
317829
457443
364145
329540
249195
307843
53671
361059
331328
377115
415144
305994
264029
326308
70337
248039
172763
273796
5012
381133
153839
302850
113690
494370
255623
186819
91432
311469
167264
464559
447253
459985
327004
278311
412968
218760
257338
296170
90607
447726
494694
387495
46979
277863
43415
145316
3731
327003
339097
68322
328300
432953
221110
60186
442569
26829
424277
409694
337492
389346
303010
442614
440393
305305
479631
373498
85861
127524
324815
148133
305151
371482
499114
303036
240611
94385
425455
142693
388322
146248
161017
121401
345244
198541
105537
106593
173978
478288
485909
368764
244090
430680
308115
372466
457094
478377
445085
425960
219991
174293
379067
459084
294802
250663
446461
209102
358056
443599
310461
34443
310950
133079
113393
162207
368572
325601
337713
72229
201048
12867
82515
40101
200834
298274
225116
245114
360889
151752
354393
100529
327149
211597
107836
364665
99074
457666
297901
183574
334072
301638
28636
157891
312546
452290
135807
457046
437641
326835
418664
51288
320570
368797
410466
102008
241156
323594
13343
481475
415820
289223
170032
120193
396677
30187
310546
52738
197555
237843
72570
275458
168211
396086
182954
281092
89035
264680
92981
370405
310583
407657
456929
366208
372386
495458
163653
105149
496823
84978
433273
481817
49444
488307
398252
444985
446074
332131
258733
86973
182594
8693
414701
153895
329320
364840
474325
418906
198092
366584
471190
53814
92144
228003
208726
327928
248984
435213
486866
442193
966
423964
433994
366335
455343
246515
419810
173210
304871
250454
270404
305379
276609
486510
49972
384620
100277
275791
312477
212071
205688
210788
42157
129232
41416
457868
146512
367769
227409
401194
3773
439472
23645
483150
136561
76498
250186
481604
477671
214286
259919
201604
23777
461446
239356
388153
186506
104871
82004
157382
202683
159059
91052
272149
416245
24110
301693
474403
121555
156369
185338
195212
457312
294292
121908
484695
309636
287249
38721
71561
200628
200393
234314
44384
220863
248974
242179
240332
269731
493134
214217
35135
252031
330351
185399
243303
16247
327916
313746
92197
373072
267694
409920
485145
169131
236152
484925
461413
497537
207235
347284
496802
56883
492181
41949
435073
285564
105706
69929
420043
12140
416824
241709
338661
28748
499335
194785
108268
398380
162449
289958
278855
340881
286804
69199
80124
57004
114846
110190
114961
254937
469331
404019
478539
63441
221005
84202
163893
162101
164348
196179
155416
94193
424564
351569
435183
290319
119316
51122
195815
169538
430164
313638
411219
296027
41442
284231
498148
290623
41683
121619
246693
210784
200124
9197
77938
42083
56934
82733
383570
156679
482258
135421
19918
384072
368448
103561
498875
307537
118486
283514
220346
84212
271581
165636
8267
389752
396550
490223
176283
439605
59886
228069
446803
237201
306914
210602
266663
426334
126791
283331
86032
244647
264323
3927
418370
247137
155817
214805
337597
282718
376734
69672
286223
270311
33287
117211
141740
366238
466334
391754
167423
8629
32165
424755
473570
355839
355184
9335
363180
338905
487967
59384
488224
480424
485377
378096
381093
261720
131361
122157
495162
288515
401378
78938
446915
404651
245563
199717
381190
362365
168549
323185
342176
271361
193500
388604
440030
274583
152106
298134
429950
110865
440117
128105
343911
283602
392
332003
106422
411150
437641
283109
432073
363332
413759
232240
137275
465556
94473
177682
268758
157111
99757
408224
60194
287241
232156
206184
79136
210077
495619
486538
304392
140792
176602
202326
452645
12180
182091
78069
222562
382119
296535
75213
81786
392830
419177
51926
464864
89684
136846
153421
221382
208597
360878
438722
204550
342184
178946
151087
260904
343790
353009
249517
243981
326793
398413
347955
470048
36427
404242
281657
6301
195905
25982
334500
318643
190162
254746
172005
246201
96078
267851
190306
282425
304763
55402
468710
40533
175637
8911
410283
430157
160092
157551
480255
319187
23638
160854
129405
79698
357924
372519
349815
380043
290535
198681
440737
6329
436599
270795
145427
14959
361416
178976
369993
29388
300810
467779
316708
498857
167723
197156
385098
497926
310663
22336
378420
414914
457070
477351
354745
60393
473815
121964
462418
38877
247932
228962
474131
113730
212332
37264
127062
389394
440347
357748
423864
35723
286900
26710
410233
110235
189014
454997
48617
215819
334630
274145
163500
122620
221778
294811
202253
113243
128814
212277
182007
218409
437140
285642
2061
28894
436415
475828
8982
83829
137902
103664
445460
335250
262245
262619
390512
441761
11825
97830
350033
431706
451533
397093
296722
408804
280521
340970
21744
222630
99394
143688
226721
168851
203937
292892
25337
304233
429412
189905
52851
95183
439578
41180
485544
131791
415749
165670
324419
173589
347417
410999
219373
328916
411547
453461
434747
152563
444034
280149
424354
94096
475366
334688
43683
361509
14362
437520
70348
162173
332129
395012
194624
217793
115999
227483
395221
60534
374245
23725
423456
169454
257314
309861
50719
287579
259300
13560
108273
417838
230403
128316
91224
153582
286934
228316
182487
299357
64473
298982
59030
334463
166369
57557
413977
48347
72452
359899
87212
372370
29088
193578
12155
267261
30966
89346
188329
477213
326768
244513
364877
368959
458134
243982
260529
246511
282760
325348
355074
494680
203547
61782
263312
158924
289543
428856
18579
186278
280940
136553
1202
78048
79375
421879
161397
435291
98288
277958
54704
452320
276625
3265
303576
447845
256580
370109
294047
182745
73103
471364
335583
474252
254284
106528
423511
4016
360467
346124
325643
119375
64592
154154
42946
185554
143206
75746
443279
88662
6817
313023
403260
76062
232168
54668
350511
78746
434062
386739
350584
214289
179603
158784
152661
185913
377044
486837
329223
334418
314043
25708
293718
131508
430686
481332
128745
454608
189467
428040
364510
265393
109674
140882
305807
74075
169480
471375
155935
282619
114532
398477
320552
141933
39164
344621
385613
202850
493370
292545
226810
210379
111220
105775
26246
308931
152549
4923
357623
84495
61171
340512
65225
183209
447046
295469
285520
292194
176024
373056
144191
263110
343526
185297
275859
279375
471168
1031
416147
4752
95299
337662
10992
409635
320468
474699
184180
105642
46763
416124
406759
89057
371336
196511
489869
355077
481296
334681
499651
97957
467820
98622
179328
49876
492530
495006
69793
463953
356543
398486
165761
35105
241409
426652
252480
103522
151758
250190
253212
429089
405004
239697
283374
259110
276242
373358
490583
184738
177778
408395
451303
26841
277166
41007
92842
76818
294467
92211
403327
326757
66260
243302
366562
217240
174290
200901
164220
98387
19335
419437
123865
383525
189430
474040
25007
393318
97576
206906
350597
401137
270158
286640
148766
401285
283120
319794
5104
465533
416011
247618
155940
155963
46973
197158
209857
425242
316068
124282
83730
259520
143396
354687
328820
333497
96745
78816
250562
476896
359813
452547
61001
267529
81568
234657
447731
246490
93488
434187
407687
104080
43964
183539
196027
230959
413141
427569
416655
481244
212901
6115
50277
479919
346020
488468
45873
492153
459256
111363
327582
374548
49443
300480
101123
320486
256828
152541
301068
364775
231433
434555
109138
460425
25947
307650
292656
253177
250779
14386
172148
169733
410218
36799
417341
169674
247277
151218
262372
273693
262890
31055
400403
378628
468360
257585
179294
472535
139182
279794
18048
402369
302670
247897
185028
387438
125315
238168
25261
198343
187474
414842
366702
283621
385364
284954
66671
223086
270698
72110
177056
253237
60655
294632
15377
387446
438907
401342
48402
439775
339867
112640
90623
474265
17309
432844
483730
325268
139707
225842
403539
247847
178997
34566
207100
485545
464529
485110
38457
161434
409832
311287
229312
354250
222781
487688
464033
254640
122181
31849
406882
20206
287494
248272
399076
78800
326224
476039
213608
328703
263329
292393
259495
415417
344696
192781
252310
78701
129411
46317
66210
448394
271395
265381
185708
197479
89815
209606
490038
214900
489163
393757
284892
117457
417552
415341
368695
165481
96686
201813
248291
341981
347646
352771
489266
173678
377375
150307
161219
482446
422716
438735
106723
5728
343788
421731
240782
141142
415573
4088
453634
47253
278173
166039
36475
324712
100023
9291
31821
276889
158058
254720
206409
172596
402733
43714
388811
110235
34400
234287
380846
118331
142725
301092
242183
138212
376781
337420
98077
379109
140854
400342
199854
344328
39585
124329
111653
371435
464016
201850
324989
201665
87372
468603
292418
147429
402486
341350
37571
431476
424434
499044
10532
436264
62753
438262
408748
216246
228897
134058
480826
251448
243889
308279
473708
320144
103227
367639
235635
215422
496176
155583
359358
483480
310474
32696
111765
31617
340980
15618
487005
215028
376447
337486
101425
167381
347436
176091
51345
473142
242164
308437
138467
391938
275412
311842
373936
25281
458202
484781
23046
497024
261784
46625
189280
213337
175102
128902
387712
94690
264754
479718
380893
449412
60396
132356
35461
253373
161356
436216
315282
397858
223777
292440
459521
172712
422024
398149
422640
119903
141425
294225
206897
280490
319191
292569
102387
7407
400312
475261
459442
486704
217364
484231
99515
46250
383636
246660
257863
307475
157624
315228
429236
150410
146001
437311
69693
294971
435080
420099
49054
400442
258146
201032
11652
165476
438051
406763
98840
185710
494116
305681
2512
127124
346450
367188
50560
256423
398154
266216
144127
381379
217536
267443
404576
389938
230207
227890
54251
92151
230270
327447
208676
175468
429199
186778
281017
353896
242517
217136
376237
452299
469666
341608
30662
345215
2420
28603
208727
264717
61723
96945
357195
247384
369301
387664
458841
142438
465338
257969
250484
132652
496702
203851
388862
368833
475661
289214
488841
419599
71401
364660
393600
317020
184787
270173
85614
36104
263327
156296
188109
63715
133115
190644
90241
443671
498197
433844
216694
17566
355952
193353
30410
285612
256670
481542
137776
346977
14330
103718
256707
334453
488295
426152
321646
8945
139961
261108
221206
210722
218761
198240
483874
168776
141352
198999
450857
219667
82027
421227
348435
244987
262243
348646
402788
166927
338195
152640
313251
384956
132326
119434
263651
10113
462048
52035
305256
78223
259218
353761
277324
118708
325089
333160
29188
476025
94549