14310
7315
2806
22928
18362
48401
3698
6648
17160
26598
6506
4185
26433
32003
47830
41103
48627
46718
31876
45244
9490
5623
11571
29103
834
45893
33727
18593
442
49395
19628
20848
40796
32655
46705
27892
10420
42812
48342
7415
22001
30829
3428
18
14801
37905
27340
2086
8339
40158
3922
43623
28049
44010
31669
20688
44894
40081
26347
24389
45718
28947
14128
18166
17421
30994
2587
10092
33349
2806
17632
32179
33846
24912
18483
9909
7788
11752
41352
38498
2425
48904
42593
15621
9160
6521
40771
34597
4116
31932
7988
29405
47221
28117
42969
4091
30084
19889
14060
21429
12766
30861
42674
49222
36557
483
1175
46892
4244
32198
1771
5649
10952
1652
36895
9546
34511
15091
10311
37159
46193
16767
21417
44604
40970
41082
27515
6952
31126
57
44015
46971
18334
18799
23398
44826
21263
38630
41104
27194
5530
3673
10641
175
2329
12597
46527
13922
24467
48504
25558
22622
45318
20198
27752
21434
3207
32936
25324
20418
5408
32544
17512
42988
1069
11156
20594
49994
45171
12484
30600
43565
10088
10260
45795
20210
49007
30918
16584
24304
49485
40532
30724
15880
19284
37126
658
4671
12246
4674
41749
37744
30605
2598
42477
31566
38084
9410
46252
36443
39297
27564
20555
13318
15648
27393
18679
43496
33162
22182
42305
38066
23000
30842
17110
238
28699
36592
6668
26910
17922
43065
26194
12825
6304
46731
39624
19800
29948
47031
16136
27072
37777
12275
21985
13231
4158
12691
38200
36919
22475
34661
34541
23099
26994
15514
46779
6684
6635
30745
21033
48016
5191
5239
35021
6330
32905
9602
37769
24295
34987
47822
6425
8753
49913
7224
9224
35290
2657
15122
29054
10093
29647
419
22026
21779
25432
14519
25140
39791
44204
40609
6011
3020
21058
3082
2302
40353
10538
26306
48701
4853
9305
49893
38602
30218
10668
3444
25894
11744
24297
23338
49557
18122
7899
40493
28634
25862
6169
545
20387
21281
1474
16362
22698
48099
48406
24288
45390
5031
49697
1116
42838
9886
3931
23183
11070
1067
18617
43429
29979
2416
18576
39513
5477
7129
9723
35520
9884
23499
8481
49172
15476
18441
25296
49810
48740
36869
36826
14848
2879
19183
19506
14743
26034
21293
47698
34083
13349
36841
28917
34891
46598
47543
15344
28810
5024
19969
3405
11173
34378
31733
11048
2472
27619
39775
29540
47348
28771
26944
10601
13220
22754
49983
3400
6038
15322
26568
10380
35390
20025
33636
23579
33053
18504
16636
34175
5123
42068
33576
19963
48738
10305
9037
35826
28390
46335
19319
7518
25138
13120
28480
46038
20645
41311
2148
49434
22550
22074
26761
49177
38862
11089
1637
36397
28716
17546
3433
19166
24271
13951
47349
35825
1601
20660
24459
16583
40222
14980
25070
18373
12826
6486
9421
28150
24792
42940
9511
37152
40970
353
33326
11625
36631
2645
10503
31832
32807
26030
2616
17545
9524
39739
39907
28995
43202
17484
14076
45216
43204
28258
8473
31074
41109
18711
2273
7024
29660
5516
18652
12621
21656
27689
37316
30277
24928
11052
28748
18658
26178
41758
33356
46527
49282
46139
48215
20545
35405
21227
6199
47160
45528
4030
38374
24969
49403
30749
45594
22719
6002
48643
46979
7353
16880
44503
44827
21746
26077
41206
44548
49982
3942
42256
46526
27704
26885
30966
13747
1708
35981
12141
11702
16755
15789
24749
33145
38024
34584
29748
38378
16218
11654
4908
15903
40353
36552
16542
15077
42230
5675
49618
46837
27324
35085
28856
40323
20299
5441
42692
35162
33662
24352
36189
33663
1165
22241
41089
10176
4874
35891
15428
25500
34177
33903
22996
21319
39583
43361
34595
798
45308
15742
27134
22822
12857
13345
14896
46146
12065
43786
46995
41871
27671
22226
1000
28464
3141
11055
11713
42132
33785
46073
15736
33099
26350
36739
5363
21455
3373
8594
22788
43422
24799
6586
23146
7584
35270
43552
15342
33440
49599
28118
47423
22312
25702
39807
21685
44727
1539
2487
29984
34269
40762
25764
37403
26143
30826
29172
30217
37641
42121
10224
26871
20455
10699
27706
29973
48804
27632
19163
23856
20442
4778
8044
30920
49809
5700
38228
23518
29684
10934
35273
23553
16470
33591
36608
7443
44418
47975
16656
43382
43214
30322
6792
13931
41358
22576
35211
43153
13040
25731
6370
24433
13471
2795
30985
5221
13605
40371
37777
6970
15216
25059
26737
19834
8380
40387
31283
26893
14883
10667
43820
27803
25187
29992
35707
39659
45145
38844
27954
27887
49621
17904
8421
24391
24567
16576
2276
9431
20165
46160
19145
21816
10418
44766
43177
19610
8286
28950
2569
45574
46230
38539
3835
44970
21972
32702
45119
48211
37040
2619
40777
14197
30065
15825
8691
13087
9545
2252
13893
22519
8882
31728
18034
47594
44783
14707
26597
30229
3410
10503
38184
5640
37951
11929
37006
5994
6112
38061
20511
41244
25449
7008
40438
10974
14888
33667
38106
46200
37673
28724
859
38668
28638
16009
34314
22828
25656
10512
42945
43944
36965
49805
24534
25522
5089
41934
29180
24406
39419
17296
7123
26537
27777
36307
4969
48803
44337
6211
38560
27207
14160
49674
15740
41112
17254
34916
36235
15385
13781
35191
8146
11971
7387
29239
46821
8161
35832
514
20093
49562
4562
16007
20111
45683
4508
22086
29395
31424
20669
40497
49471
48045
1575
19804
29145
41792
32475
6222
22520
18998
3975
35362
20207
32043
49619
17938
40681
31936
31050
32548
17567
11465
4944
39474
31901
35429
20978
45937
41390
27614
1938
28282
21884
20930
14058
35928
26075
11540
46859
43400
31323
32137
14273
2634
45812
32647
46120
34830
15262
11348
34933
26957
5449
8920
18887
47560
45552
41996
37230
31717
45936
16173
15637
40441
24539
13376
11763
16486
6625
10954
29640
7242
37231
42028
49130
35117
49800
14254
20635
2356
26467
11284
31470
7082
38429
47598
18503
41489
35977
4002
31621
5087
34206
38221
31510
16486
37406
4559
6883
2794
4387
38622
29453
40096
18355
24856
5919
34846
46151
15440
21518
7131
7101
44431
10806
33306
27829
40510
21042
25330
36801
27935
11085
28711
24900
13195
35562
16124
43805
12290
45826
27172
3849
30209
25288
24925
27158
33581
22886
26431
31826
29810
45993
12274
32450
32120
11506
30352
19751
16628
41401
40493
3110
49616
19188
15423
29834
3077
10667