61147
67480
15361
9269
47880
30324
49647
21088
35186
50724
1768
60236
12295
62227
49671
48123
71571
67052
23658
48791
42876
26763
30966
17340
18360
58370
8856
69870
67729
73829
23593
42136
58320
22049
51477
60168
60326
32743
1710
54724
19209
72412
35196
61943
32235
28168
3180
53227
819
31162
18652
72965
24567
20115
42624
14060
54249
6894
69727
58786
46611
52670
32434
1694
34660
64942
34703
37765
50357
65554
67225
13953
36882
41498
61828
65581
33339
2115
37522
4544
31720
14993
31774
39320
19133
8669
10033
25718
38041
32409
45556
51449
73206
28123
23731
2791
59570
12240
12660
59047
37133
22392
73707
20648
51492
47843
35060
44775
42701
54357
2951
29049
21016
58249
36330
53809
4467
34897
52457
3034
60593
67721
630
11422
41349
36424
16088
9654
51117
56874
51631
18522
49964
29193
19419
52949
28700
29903
65318
16725
38810
22103
23291
16983
23721
41559
49385
33252
73935
9408
34590
63818
44659
17824
73235
41163
36560
49973
53647
23555
2410
43665
66647
14535
10015
72483
74206
31045
69776
60554
30225
34235
37255
42381
64896
65123
59730
66655
52026
15101
8438
59811
7811
1105
24108
70722
57087
34533
52843
11548
60775
14434
61188
36033
74880
55595
62705
31365
70183
57720
11951
33453
9368
25094
14462
33232
74383
5710
17910
32838
43943
69151
68536
57792
50271
6761
44068
12939
30197
9912
51349
5829
55055
59684
73759
30825
49881
44176
54890
50329
23230
4650
25120
26603
18209
14888
64010
9479
68462
47711
27273
4246
47436
27750
25517
34964
60983
41760
64800
29577
68902
8138
34286
33062
35763
51384
74972
37038
7138
29944
63658
4736
41256
67495
38075
64689
6008
50017
56175
8724
46917
22899
59829
53269
61574
70063
15055
20678
27165
45745
31
40355
48528
10732
51026
52560
53882
67361
55367
16469
54211
47375
7492
18961
19867
23166
839
47193
17659
10353
47434
22120
58286
34526
44010
59626
7599
72363
69352
63386
5835
55778
59372
74141
47559
6027
583
64443
20498
62110
17871
41843
71232
56323
24684
38262
67725
50593
28730
61614
3265
53112
19976
32930
57415
57574
8168
24735
1887
70067
73434
8237
61082
62035
39891
28559
51522
7004
44975
53661
10545
57699
52947
5221
51591
48002
40014
10121
35322
46293
41339
32290
56009
20518
22347
38125
22029
26485
15688
3061
48936
64656
69185
67851
15035
9084
17334
38587
24847
59819
60259
57243
46744
26830
62115
52980
47172
58102
67666
72905
68208
41252
14600
45742
15268
40252
68148
59743
10679
21341
26021
29321
28233
23665
65961
47321
24442
67907
22870
53702
4964
45026
59624
19558
22157
61768
72176
37369
1615
49621
73825
31118
61269
31606
32796
56573
64294
4432
14347
45295
31699
29630
23206
3333
31480
11768
34973
63177
31837
4955
21861
27590
70565
11000
38450
32823
719
67957
52339
37775
69418
12388
26678
11555
11978
10108
47242
49298
716
46971
16145
5124
2167
11563
8517
15621
37039
63027
51564
61183
72317
70320
27415
71812
34405
64299
39115
62897
11043
8482
42205
692
24301
61792
57676
55586
23612
18939
870
18242
27524
12693
14271
52555
71207
26179
14397
31916
62621
27336
31083
34913
17232
70232
32901
1992
18462
22480
1709
21665
67203
9037
8008
20262
57283
4855
53378
48647
10340
37130
29523
68903
4378
49943
62038
39925
15341
67274
1276
14170
29060
65145
27502
13676
5731
69027
33021
72653
38204
33003
50703
8528
49130
52245
4262
41059
52728
36073
68772
36493
12919
51510
24114
25414
51102
20197
65924
23516
13962
19356
53766
25835
7734
16283
72939
26045
28660
56227
70074
55882
31093
25210
47025
69293
24406
1339
55016
14479
55487
73505
44905
63186
3920
60925
27868
62994
34029
19138
53320
48213
47691
43613
22130
59935
38349
9085
21751
72829
32257
43312
55651
4409
52201
17985
57168
4071
57021
16789
70200
23982
50525
2868
31733
54838
37070
23438
28734
32543
34677
41027
46127
8562
21856
74345
22155
41322
55743
26291
25268
32658
501
47933
18132
50436
36597
68326
17547
28928
48539
53341
26889
3742
14843
18521
30245
45368
69725
25007
10258
20005
57808
28200
5821
40302
59774
11505
63779
22012
62005
39865
67511
37591
32852
11085
13725
30203
29293
35934
17689
27000
64127
57417
24043
33665
24370
65222
9572
5743
3621
22449
13632
73595
35940
58978
66050
40616
65149
48893
35927
30384
4372
9966
7116
63666
41030
52114
69661
43301
9943
27742
66185
25212
10451
66507
982
52895
69134
57682
20982
43418
68643
68234
52453
18182
8524
32728
16356
20769
54582
28810
58401
878
21720
10700
18659
32472
51015
13778
71214
49366
37797
38133
42669
35198
25957
44042
9065
60435
13108
19600
39801
24271
48120
56016
67343
44940
5837
62181
21319
25054
30510
27124
21570
12637
63969
25260
55522
68074
31561
12137
32064
60668
54239
14602
15397
16671
73543
70814
38945
6624
57659
36091
10320
4906
38198
52739
940
30743
32294
35500
69066
44019
10766
33890
3177
74554
11003
7695
22670
5424
40250
26223
54509
10150
7430
15480
35334
6100
50162
60935
49097
74016
45332
43719
58406
52890
67742
22672
14568
71927
1476
22611
7522
3734
34196
43643
302
71020
46066
43296
57521
41065
42692
35151
18266
50288
28479
54319
36927
35042
38265
41099
29059
52809
66678
36751
58395
17593
65642
29219
72625
21573
49258
1859
31431
36709
2329
44088
43812
67141
24853
53466
3703
31309
2304
28221
13401
188
28163
21898
25635
22858
45878
1746
11134
60541
62236
72182
16743
28348
63622
60147
48455
63120
35943
14307
53623
27596
13768
67454
52916
74441
8087
63055
56799
5146
13934
45763
52353
39360
16189
22874
2866
5366
7790
32651
60519
25875
70033
27355
4076
3196
34181
2338
66556
11416
49670
56208
38540
71119
47520
12107
48430
20987
15052
66763
59642
66956
65944
50420
31653
12092
17676
16336
18594
18601
6794
25950
53774
15292
31811
49383
24531
21714
51422
58722
64639
32972
49439
24247
32457
23476
3155
70983
36291
71494
22733
50545
3940
11571
13143
69309
13575
36117
11763
22787
64017
10334
39936
49372
63510
47272
53058
30327
44849
32636
63518
6293
42111
41939
38158
3029
55891
70984
74025
68957
71851
7643
70958
11188
2116
36117
16775
17485
73950
6298
67178
46695
22755
64677
47663
64744
18748
63564
42214
28318
33809
21764
74204
1291
36322
15965
55630
43555
13487
11632
51924
58492
27903
48919
72013
32086
53357
37181
6175
39309
66716
25994
31538
51542
41916
1473
60374
24271
69028
11173
34506
65526
38592
23500
6086
22649
14847
43769
342
68901
73191
8362
64124
7230
38653
19336
29944
38094
62486
60809
69207
27188
55044
34778
54464
11841
72322
65921
38753
53858
32590
54595
27082
11974
34384
13213
14672
52361
58221
4730
467
7506
21189
18622
54377
51773
17916
31022
38907
14473
1250
70044
11291
53966
5626
73833
42970
10926
64400
70157
69776
22749
65244
21222
61084
957
16131
42471
18293
26502
70626
20495
8233
46743
64582
56352
17430
8146
45975
33533
13495
15748
61694
7067
60155
20411
74939
4588
53804
43786
10699
35196
50676
52302
14983
32582
33248
2414
37929
442
34478
58492
74052
66380
42980
43566
16292
57657
21291
73165
69360
13685
48299
42729
40924
36751
9126
31488
19937
55095
28031
36045
63326
56559
31206
25160
68381
1955
23002
42611
66981
13301
5649
13485
1601
64419
52952
62221
11987
69120
4142
46128
22767
33728
25375
64161
63404
22846
5531
61976
23475
23077
22503
55792
21287
6806
61717
9946
28396
51556
15960
43528
33160
10311
54787
49130
26642
2707
26650
13900
68400
54441
42966
9487
1008
9403
57169
59391
24652
73876
34495
44278
33792
73892
9969
64646
4981
51282
15385
53259
42035
40842
70253
13676
65874
37394
19272
38916
44540
71147
29659
72751
32759
45355
37591
36065
21016
26123
50378
67704
302
28109
51077
29481
51547
73212
51905
37933
15215
11227
29304
72067
29667
55618
51302
31768
17325
46572
27676
66221
56711
15374
4633
70637
4293
72768
64740
28188
54297
8693
3368
36251
66169
59256
60812
37773
27074
48437
44375
4861
50511
31500
8761
23798
13847
72988
30911
643
51142
9289
31701
52798
48033
53208
26047
33381
2356
17505
40482
63330
59050
63699
19149
73876
63194
23851
45637
48277
67184
51912
64911
54342
31473
16609
420
69298
59034
73567
17703
61349
26145
61908
31451
11681
59954
24609
17564
67097
55149
40677
60389
12812
45076
41891
22873
38326
8880
3229
40293
71310
67348
32078
39846
55376
53672
8773
65638
13169
71952
34858
73004
40577
36978
8005
18745
62250
47860
33335
54775
65794
5429
1339
20199
59450
66878
60560
34041
13398
38436
42941
72531
18695
65443
5040
14385
26234
58333
46619
34727
37811
10356
19536
58203
54168
8059
25251
17095
7386
25120
71922
10887
60161
46997
61325
36748
64020
26700
27355
34309
38021
62627
56685
2628
31358
28900
63413
40918
26552
45618
49913
68649
21005
7531
40422
1674
72407
35328
30342
49134
59112
8079
32059
70450
64715
735
11791
2482
57796
55763
61337
54377
47543
4092
49447
50143
32531
37870
46616
54445
27278
6920
67199
49350
59655
43802
43646
62018
57809
60832
54232
44443
58401
48396
56346
7306
33987
19859
70163
54802
23707
19085
31316
10152
70434
146
48254
73810
28615
10072
28017
60070
58044
6359
22281
9411
74332
25098
46305
43948
25927
27311
34467
8984
72568
26240
38836
20962
17010
64595
45468
3058
69839
20000
70377
48805
39677
47872
60845
60925
21159
70324
48868
12023
16970